1-#decision tree model
              precision    recall  f1-score   support

           0       0.29      0.30      0.30      1008
           1       0.65      0.66      0.66      1034
           2       0.42      0.40      0.41      1021
           3       0.73      0.72      0.73       955
           4       0.40      0.43      0.42       986
           5       0.49      0.48      0.48      1009
           6       0.30      0.32      0.31       995
           7       0.38      0.39      0.38       985
           8       0.26      0.24      0.25      1030
           9       0.42      0.40      0.41       977

    accuracy                           0.43     10000
   macro avg       0.44      0.43      0.43     10000
weighted avg       0.43      0.43      0.43     10000

[[303  40  54  14 156  86  75  76  77 127]
 [ 27 684 100  85  40  57   1  30   3   7]
 [ 59  96 407  43 111  99   2 155   1  48]
 [ 14  88  38 692   7  19   1  92   0   4]
 [112  37  81  12 426  36  29  70  26 157]
 [ 87  70 102  22  44 482  15 152  16  19]
 [ 80   2   4   2  19  19 323  21 479  46]
 [ 80  21 133  69  94 148  19 385   9  27]
 [ 79   1   8   0  18  11 565  11 244  93]
 [201   8  40   7 142  29  54  27  79 390]]

2-# random Forest Model
              precision    recall  f1-score   support

           0       0.41      0.34      0.37      1008
           1       0.79      0.75      0.77      1034
           2       0.59      0.55      0.57      1021
           3       0.84      0.85      0.84       955
           4       0.54      0.56      0.55       986
           5       0.67      0.63      0.65      1009
           6       0.33      0.36      0.34       995
           7       0.53      0.52      0.52       985
           8       0.33      0.31      0.32      1030
           9       0.46      0.60      0.53       977

    accuracy                           0.55     10000
   macro avg       0.55      0.55      0.55     10000
weighted avg       0.55      0.55      0.55     10000

[[341  17  27   0 149  54  90  72  51 207]
 [ 22 771  68  77  37  33   1  17   0   8]
 [ 58  71 564  16  83  46   3 124   0  56]
 [ 22  35  30 814   4  10   0  37   0   3]
 [ 64  20  51   0 553  12  16  50  22 198]
 [ 60  37  80   7  33 631  11 112  19  19]
 [ 48   0   1   0   7  15 357  15 511  41]
 [ 36  18 117  56  49 131  22 510   7  39]
 [ 35   0   2   0  12   3 540   5 322 111]
 [146   5  16   2 100   4  38  22  53 591]]

 3-#Gradient Boosting Machine -XGBoost
 